234
435
1
3
56
6
23
21
2
34
99
76
34
23
54
55
66
44
335
 43
 23
 34
 54
 76
 686
 98
 12
 5
 3
 8
 45
 745
 5
 67
 12
 45
 34
 12
 9
 11
 21
235
21
2
34
992
76
343
23
33
 43
 23
 34
 542
 76
 683
 98
 12
 45
 342
 122
 9
 11
 21
23
21
2
345
99
76
34
23
34
23
54
553
66
44
33
 43
 23
 34
 54
 76
 68
 985
 12
 5

 683
 98
 124
 45
 34
 12
 9
 11
 216
23
212
2
345
99
76
34
233
34
23
54
553
66
44
234
435
1
3
56
6
23
21
2
34
99
76
34
23
54
55
66
44
335
 43
 23
 34
 54
 76
 686
 98
 12
 5
 3
 8
 45
 745
 5
 67
 12
 45
 34
 12
 9
 11
 21
235
21
2
34
992
76
343
23
33
 43
 23
 34
 542
 76
 683
 98
 12
 45
 342
 122
 9
 11
 21
23
21
2
345
99
76
34
23
34
23
54
553
66
44
33
 43
 23
 34
 54
 76
 68
 985
 12
 5

 683
 98
 124
 45
 34
 12
 9
 11
 216
23
212
2
345
99
76
34
233
34
23
54
553
66
44
234
435
1
3
56
6
23
21
2
34
99
76
34
23
54
55
66
44
335
 43
 23
 34
 54
 76
 686
 98
 12
 5
 3
 8
 45
 745
 5
 67
 12
 45
 34
 12
 9
 11
 21
235
21
2
34
992
76
343
23
33
 43
 23
 34
 542
 76
 683
 98
 12
 45
 342
 122
 9
 11
 21
23
21
2
345
99
76
34
23
34
23
54
553
66
44
33
 43
 23
 34
 54
 76
 68
 985
 12
 5

 683
 98
 124
 45
 34
 12
 9
 11
 216
23
212
2
345
99
76
34
233
34
23
54
553
66
44
234
435
1
3
56
6
23
21
2
34
99
76
34
23
54
55
66
44
335
 43
 23
 34
 54
 76
 686
 98
 12
 5
 3
 8
 45
 745
 5
 67
 12
 45
 34
 12
 9
 11
 21
235
21
2
34
992
76
343
23
33
 43
 23
 34
 542
 76
 683
 98
 12
 45
 342
 122
 9
 11
 21
23
21
2
345
99
76
34
23
34
23
54
553
66
44
33
 43
 23
 34
 54
 76
 68
 985
 12
 5

 683
 98
 124
 45
 34
 12
 9
 11
 216
23
212
2
345
99
76
34
233
34
23
54
553
66
44
234
435
1
3
56
6
23
21
2
34
99
76
34
23
54
55
66
44
335
 43
 23
 34
 54
 76
 686
 98
 12
 5
 3
 8
 45
 745
 5
 67
 12
 45
 34
 12
 9
 11
 21
235
21
2
34
992
76
343
23
33
 43
 23
 34
 542
 76
 683
 98
 12
 45
 342
 122
 9
 11
 21
23
21
2
345
99
76
34
23
34
23
54
553
66
44
33
 43
 23
 34
 54
 76
 68
 985
 12
 5

 683
 98
 124
 45
 34
 12
 9
 11
 216
23
212
2
345
99
76
34
233
34
23
54
553
66
44